    270.7     1782.4
    270.4     1773.6
    276.8     1790.7
    253.7     1766.8
    234.8     1705.6
    229.3     1714.5
    248.2     1759.2
    270.6       1807
    285.9       1852
    309.7     1906.4
    288.2     1899.1
    298.3       1902
    330.5     1949.3
    297.1       1930
    295.3     1930.3
    258.8     1894.4
    265.4       1904
    285.2     1947.1
    309.1     1981.1
    314.3     2022.2
    333.1     2062.7
    329.8     2086.1
    335.7       2105
    324.5     2107.2
    342.5     2138.3
    347.5       2167
    358.8     2212.1
    363.2     2229.7
    378.1     2287.9
    376.4     2314.1
    385.3     2348.5
    388.5     2351.1
    427.6     2420.9
    427.6     2454.7
    442.8     2507.9
    444.9     2574.7
    482.5       2647
    473.7     2650.1
      469     2659.4
    471.2     2675.6
    458.3     2698.6
    438.8     2693.9
    451.4       2712
    461.1     2731.4
    471.2     2793.4
    490.2     2844.6
    474.3       2862
    479.2     2874.6
    510.8     2924.9
    506.7     2928.3
    518.5     2945.6
    490.5       2924
    475.2     2921.2
    476.7     2927.6
    484.8     2958.1
    456.7       2913
      516     3012.4
      532     3032.6
      539     3059.5
    522.2     3065.8
    559.1     3134.6
    593.3     3228.9
    601.8     3263.7
    604.9       3327
    643.3     3435.6
    673.4     3483.1
      647     3454.5
    671.8     3488.8
    628.9     3439.2
    625.8     3445.4
    590.5     3396.7
    596.1     3373.5
    491.4     3312.2
    474.4     3340.4
    514.5     3409.6
    528.7       3465
    583.4     3565.2
    608.3     3596.9
    609.4     3614.7
    613.7     3643.9
    643.8     3698.4
    693.6     3790.8
    731.4       3870
    710.8       3864
    724.9     3868.6
    774.6     4057.8
    798.5     4099.1
    816.7     4156.9
    816.6       4159
    814.7     4162.9
    798.8     4196.6
    783.9     4201.1
    778.3     4204.9
    708.1     4084.3
    654.1     4073.3
    720.6     4168.6
    792.2     4273.3
    754.5     4225.9
    801.3     4283.6
    770.2     4208.1
      690     4113.6
    689.4     4137.1
    681.3       4112
    620.7     4113.7
    642.8     4174.2
    704.8     4291.2
    752.2       4395
    831.4     4503.5
    918.4     4611.1
    949.4     4709.8
    971.4     4755.6
    955.5     4795.1
      924     4849.4
    939.9     4894.2
    929.6     4983.1
    965.9     5021.4
    963.9     5074.5
    942.5     5093.5
      913     5147.3
    914.4     5169.5
    942.3     5196.8
    943.6     5260.7
    944.6     5300.1
   1018.3     5401.5
    960.9     5421.8
    984.3     5506.3
    990.6     5530.3
   1003.7     5607.9
   1042.2     5664.3
     1030       5706
   1017.9     5753.4
   1007.4     5759.9
   1017.3     5820.4
   1017.6     5837.4
    993.7     5825.9
    930.8     5751.6
    892.9     5702.5
    888.5     5751.1
    910.6     5777.6
    945.4     5800.3
    924.4     5878.2
    985.3     5948.1
    995.5     6017.4
     1027     6096.6
   1051.1     6095.5
   1059.4     6143.6
   1058.6     6183.1
   1114.5     6290.2
   1162.6     6363.1
   1230.4     6464.6
   1208.2     6503.3
   1264.6     6592.8
   1220.2     6602.8
   1215.6     6614.4
   1231.6     6686.8
   1257.3     6749.2
   1289.1     6806.6
     1331     6942.3
   1361.8     7013.6
   1384.5     7104.8
   1411.6     7164.1
     1442     7290.4
   1497.5     7396.4
   1510.4       7459
   1555.8     7536.9
   1610.1     7613.2
   1640.7     7729.6
   1690.9     7895.6
   1722.2     7973.6
   1762.5       8040
   1803.5     8156.9
   1813.7     8324.4
   1866.7     8334.9
   1913.6     8526.2
   1920.4     8528.6
   1926.3     8575.9
   1914.9     8531.6
     1885     8588.6
     1865     8539.5
   1817.8     8578.4
